-37.04104 0.00000
-36.99700 0.00000
-36.95295 0.00000
-36.90891 0.00000
-36.86486 0.00000
-36.82082 0.00000
-36.77678 0.00000
-36.73273 0.00000
-36.68869 0.00000
-36.64464 0.00001
-36.60060 0.00003
-36.55656 0.00006
-36.51251 0.00011
-36.46847 0.00019
-36.42442 0.00030
-36.38038 0.00042
-36.33634 0.00055
-36.29229 0.00065
-36.24825 0.00069
-36.20420 0.00068
-36.16016 0.00060
-36.11612 0.00048
-36.07207 0.00036
-36.02803 0.00024
-35.98398 0.00014
-35.93994 0.00008
-35.89590 0.00004
-35.85185 0.00002
-35.80781 0.00001
-35.76376 0.00000
-35.71972 0.00000
-35.67568 0.00000
-35.63163 0.00000
-35.58759 0.00000
-35.54354 0.00000
-35.49950 0.00000
-35.45546 0.00000
-35.41141 0.00000
-35.36737 0.00000
-35.32332 0.00000
-35.27928 0.00000
-35.23524 0.00000
-35.19119 0.00000
-35.14715 0.00000
-35.10310 0.00000
-35.05906 0.00000
-35.01502 0.00000
-34.97097 0.00000
-34.92693 0.00000
-34.88288 0.00000
-34.83884 0.00000
-34.79479 0.00000
-34.75075 0.00000
-34.70671 0.00000
-34.66266 0.00000
-34.61862 0.00000
-34.57457 0.00000
-34.53053 0.00000
-34.48649 0.00000
-34.44244 0.00000
-34.39840 0.00000
-34.35435 0.00000
-34.31031 0.00000
-34.26627 0.00000
-34.22222 0.00000
-34.17818 0.00000
-34.13413 0.00000
-34.09009 0.00000
-34.04605 0.00000
-34.00200 0.00000
-33.95796 0.00000
-33.91391 0.00000
-33.86987 0.00000
-33.82583 0.00000
-33.78178 0.00000
-33.73774 0.00000
-33.69369 0.00000
-33.64965 0.00000
-33.60561 0.00000
-33.56156 0.00000
-33.51752 0.00000
-33.47347 0.00000
-33.42943 0.00000
-33.38539 0.00000
-33.34134 0.00000
-33.29730 0.00000
-33.25325 0.00000
-33.20921 0.00000
-33.16517 0.00000
-33.12112 0.00000
-33.07708 0.00000
-33.03303 0.00000
-32.98899 0.00000
-32.94494 0.00000
-32.90090 0.00000
-32.85686 0.00000
-32.81281 0.00000
-32.76877 0.00000
-32.72472 0.00000
-32.68068 0.00000
-32.63664 0.00000
-32.59259 0.00000
-32.54855 0.00000
-32.50450 0.00000
-32.46046 0.00000
-32.41642 0.00000
-32.37237 0.00000
-32.32833 0.00000
-32.28428 0.00000
-32.24024 0.00000
-32.19620 0.00000
-32.15215 0.00000
-32.10811 0.00000
-32.06406 0.00000
-32.02002 0.00000
-31.97598 0.00000
-31.93193 0.00000
-31.88789 0.00000
-31.84384 0.00000
-31.79980 0.00000
-31.75576 0.00000
-31.71171 0.00000
-31.66767 0.00000
-31.62362 0.00000
-31.57958 0.00000
-31.53554 0.00000
-31.49149 0.00000
-31.44745 0.00000
-31.40340 0.00000
-31.35936 0.00000
-31.31532 0.00000
-31.27127 0.00000
-31.22723 0.00000
-31.18318 0.00000
-31.13914 0.00000
-31.09510 0.00000
-31.05105 0.00000
-31.00701 0.00000
-30.96296 0.00000
-30.91892 0.00000
-30.87487 0.00000
-30.83083 0.00000
-30.78679 0.00000
-30.74274 0.00000
-30.69870 0.00000
-30.65465 0.00000
-30.61061 0.00000
-30.56657 0.00000
-30.52252 0.00000
-30.47848 0.00000
-30.43443 0.00000
-30.39039 0.00000
-30.34635 0.00000
-30.30230 0.00000
-30.25826 0.00000
-30.21421 0.00000
-30.17017 0.00000
-30.12613 0.00000
-30.08208 0.00000
-30.03804 0.00000
-29.99399 0.00000
-29.94995 0.00000
-29.90591 0.00000
-29.86186 0.00000
-29.81782 0.00000
-29.77377 0.00000
-29.72973 0.00000
-29.68569 0.00000
-29.64164 0.00000
-29.59760 0.00000
-29.55355 0.00000
-29.50951 0.00000
-29.46547 0.00000
-29.42142 0.00000
-29.37738 0.00000
-29.33333 0.00000
-29.28929 0.00000
-29.24525 0.00000
-29.20120 0.00000
-29.15716 0.00000
-29.11311 0.00000
-29.06907 0.00000
-29.02503 0.00000
-28.98098 0.00000
-28.93694 0.00000
-28.89289 0.00000
-28.84885 0.00000
-28.80480 0.00000
-28.76076 0.00000
-28.71672 0.00000
-28.67267 0.00000
-28.62863 0.00000
-28.58458 0.00000
-28.54054 0.00000
-28.49650 0.00000
-28.45245 0.00000
-28.40841 0.00000
-28.36436 0.00000
-28.32032 0.00000
-28.27628 0.00000
-28.23223 0.00000
-28.18819 0.00000
-28.14414 0.00000
-28.10010 0.00000
-28.05606 0.00000
-28.01201 0.00000
-27.96797 0.00000
-27.92392 0.00000
-27.87988 0.00000
-27.83584 0.00000
-27.79179 0.00000
-27.74775 0.00000
-27.70370 0.00000
-27.65966 0.00000
-27.61562 0.00000
-27.57157 0.00000
-27.52753 0.00000
-27.48348 0.00000
-27.43944 0.00000
-27.39540 0.00000
-27.35135 0.00000
-27.30731 0.00000
-27.26326 0.00000
-27.21922 0.00000
-27.17518 0.00000
-27.13113 0.00000
-27.08709 0.00000
-27.04304 0.00000
-26.99900 0.00000
-26.95495 0.00000
-26.91091 0.00000
-26.86687 0.00000
-26.82282 0.00000
-26.77878 0.00000
-26.73473 0.00000
-26.69069 0.00000
-26.64665 0.00000
-26.60260 0.00000
-26.55856 0.00000
-26.51451 0.00000
-26.47047 0.00000
-26.42643 0.00000
-26.38238 0.00000
-26.33834 0.00000
-26.29429 0.00000
-26.25025 0.00000
-26.20621 0.00000
-26.16216 0.00000
-26.11812 0.00000
-26.07407 0.00000
-26.03003 0.00000
-25.98599 0.00000
-25.94194 0.00000
-25.89790 0.00000
-25.85385 0.00000
-25.80981 0.00000
-25.76577 0.00000
-25.72172 0.00000
-25.67768 0.00000
-25.63363 0.00000
-25.58959 0.00000
-25.54555 0.00000
-25.50150 0.00000
-25.45746 0.00000
-25.41341 0.00000
-25.36937 0.00000
-25.32533 0.00000
-25.28128 0.00000
-25.23724 0.00000
-25.19319 0.00000
-25.14915 0.00000
-25.10511 0.00000
-25.06106 0.00000
-25.01702 0.00000
-24.97297 0.00000
-24.92893 0.00000
-24.88488 0.00000
-24.84084 0.00000
-24.79680 0.00000
-24.75275 0.00000
-24.70871 0.00000
-24.66466 0.00000
-24.62062 0.00000
-24.57658 0.00000
-24.53253 0.00000
-24.48849 0.00000
-24.44444 0.00000
-24.40040 0.00000
-24.35636 0.00000
-24.31231 0.00000
-24.26827 0.00000
-24.22422 0.00000
-24.18018 0.00000
-24.13614 0.00000
-24.09209 0.00000
-24.04805 0.00000
-24.00400 0.00000
-23.95996 0.00000
-23.91592 0.00000
-23.87187 0.00000
-23.82783 0.00000
-23.78378 0.00000
-23.73974 0.00000
-23.69570 0.00000
-23.65165 0.00000
-23.60761 0.00000
-23.56356 0.00000
-23.51952 0.00000
-23.47548 0.00000
-23.43143 0.00000
-23.38739 0.00000
-23.34334 0.00000
-23.29930 0.00000
-23.25526 0.00000
-23.21121 0.00000
-23.16717 0.00000
-23.12312 0.00000
-23.07908 0.00000
-23.03504 0.00000
-22.99099 0.00000
-22.94695 0.00000
-22.90290 0.00000
-22.85886 0.00000
-22.81481 0.00000
-22.77077 0.00000
-22.72673 0.00000
-22.68268 0.00000
-22.63864 0.00000
-22.59459 0.00000
-22.55055 0.00000
-22.50651 0.00000
-22.46246 0.00000
-22.41842 0.00000
-22.37437 0.00000
-22.33033 0.00000
-22.28629 0.00000
-22.24224 0.00000
-22.19820 0.00000
-22.15415 0.00000
-22.11011 0.00000
-22.06607 0.00000
-22.02202 0.00000
-21.97798 0.00000
-21.93393 0.00000
-21.88989 0.00000
-21.84585 0.00000
-21.80180 0.00000
-21.75776 0.00000
-21.71371 0.00000
-21.66967 0.00000
-21.62563 0.00000
-21.58158 0.00000
-21.53754 0.00000
-21.49349 0.00000
-21.44945 0.00000
-21.40541 0.00000
-21.36136 0.00000
-21.31732 0.00000
-21.27327 0.00000
-21.22923 0.00000
-21.18519 0.00000
-21.14114 0.00000
-21.09710 0.00000
-21.05305 0.00000
-21.00901 0.00000
-20.96496 0.00000
-20.92092 0.00000
-20.87688 0.00000
-20.83283 0.00000
-20.78879 0.00000
-20.74474 0.00000
-20.70070 0.00000
-20.65666 0.00000
-20.61261 0.00000
-20.56857 0.00000
-20.52452 0.00000
-20.48048 0.00000
-20.43644 0.00000
-20.39239 0.00000
-20.34835 0.00000
-20.30430 0.00000
-20.26026 0.00000
-20.21622 0.00000
-20.17217 0.00000
-20.12813 0.00000
-20.08408 0.00000
-20.04004 0.00000
-19.99600 0.00000
-19.95195 0.00000
-19.90791 0.00000
-19.86386 0.00000
-19.81982 0.00000
-19.77578 0.00000
-19.73173 0.00000
-19.68769 0.00000
-19.64364 0.00000
-19.59960 0.00000
-19.55556 0.00000
-19.51151 0.00000
-19.46747 0.00000
-19.42342 0.00000
-19.37938 0.00000
-19.33534 0.00000
-19.29129 0.00000
-19.24725 0.00000
-19.20320 0.00000
-19.15916 0.00000
-19.11512 0.00000
-19.07107 0.00000
-19.02703 0.00000
-18.98298 0.00000
-18.93894 0.00000
-18.89489 0.00000
-18.85085 0.00000
-18.80681 0.00000
-18.76276 0.00000
-18.71872 0.00000
-18.67467 0.00000
-18.63063 0.00000
-18.58659 0.00000
-18.54254 0.00000
-18.49850 0.00000
-18.45445 0.00000
-18.41041 0.00000
-18.36637 0.00000
-18.32232 0.00000
-18.27828 0.00000
-18.23423 0.00000
-18.19019 0.00000
-18.14615 0.00000
-18.10210 0.00000
-18.05806 0.00000
-18.01401 0.00000
-17.96997 0.00000
-17.92593 0.00000
-17.88188 0.00001
-17.83784 0.00002
-17.79379 0.00004
-17.74975 0.00010
-17.70571 0.00023
-17.66166 0.00046
-17.61762 0.00085
-17.57357 0.00147
-17.52953 0.00236
-17.48549 0.00355
-17.44144 0.00500
-17.39740 0.00657
-17.35335 0.00809
-17.30931 0.00927
-17.26527 0.00988
-17.22122 0.00974
-17.17718 0.00887
-17.13313 0.00744
-17.08909 0.00573
-17.04505 0.00404
-17.00100 0.00262
-16.95696 0.00155
-16.91291 0.00084
-16.86887 0.00041
-16.82482 0.00019
-16.78078 0.00008
-16.73674 0.00003
-16.69269 0.00001
-16.64865 0.00000
-16.60460 0.00000
-16.56056 0.00000
-16.51652 0.00000
-16.47247 0.00000
-16.42843 0.00000
-16.38438 0.00000
-16.34034 0.00000
-16.29630 0.00000
-16.25225 0.00000
-16.20821 0.00000
-16.16416 0.00000
-16.12012 0.00000
-16.07608 0.00000
-16.03203 0.00000
-15.98799 0.00000
-15.94394 0.00000
-15.89990 0.00000
-15.85586 0.00000
-15.81181 0.00000
-15.76777 0.00000
-15.72372 0.00000
-15.67968 0.00000
-15.63564 0.00000
-15.59159 0.00000
-15.54755 0.00000
-15.50350 0.00000
-15.45946 0.00000
-15.41542 0.00000
-15.37137 0.00000
-15.32733 0.00000
-15.28328 0.00000
-15.23924 0.00000
-15.19520 0.00000
-15.15115 0.00000
-15.10711 0.00000
-15.06306 0.00000
-15.01902 0.00000
-14.97497 0.00000
-14.93093 0.00000
-14.88689 0.00000
-14.84284 0.00000
-14.79880 0.00000
-14.75475 0.00000
-14.71071 0.00000
-14.66667 0.00000
-14.62262 0.00000
-14.57858 0.00000
-14.53453 0.00000
-14.49049 0.00000
-14.44645 0.00000
-14.40240 0.00000
-14.35836 0.00000
-14.31431 0.00000
-14.27027 0.00000
-14.22623 0.00000
-14.18218 0.00000
-14.13814 0.00000
-14.09409 0.00000
-14.05005 0.00000
-14.00601 0.00000
-13.96196 0.00000
-13.91792 0.00000
-13.87387 0.00000
-13.82983 0.00000
-13.78579 0.00000
-13.74174 0.00000
-13.69770 0.00000
-13.65365 0.00000
-13.60961 0.00000
-13.56557 0.00000
-13.52152 0.00000
-13.47748 0.00000
-13.43343 0.00000
-13.38939 0.00000
-13.34535 0.00000
-13.30130 0.00000
-13.25726 0.00000
-13.21321 0.00000
-13.16917 0.00000
-13.12513 0.00000
-13.08108 0.00000
-13.03704 0.00000
-12.99299 0.00000
-12.94895 0.00000
-12.90490 0.00000
-12.86086 0.00000
-12.81682 0.00000
-12.77277 0.00000
-12.72873 0.00000
-12.68468 0.00000
-12.64064 0.00000
-12.59660 0.00000
-12.55255 0.00000
-12.50851 0.00000
-12.46446 0.00000
-12.42042 0.00000
-12.37638 0.00000
-12.33233 0.00000
-12.28829 0.00001
-12.24424 0.00003
-12.20020 0.00009
-12.15616 0.00023
-12.11211 0.00053
-12.06807 0.00111
-12.02402 0.00214
-11.97998 0.00379
-11.93594 0.00620
-11.89189 0.00940
-11.84785 0.01325
-11.80380 0.01745
-11.75976 0.02159
-11.71572 0.02528
-11.67167 0.02824
-11.62763 0.03037
-11.58358 0.03170
-11.53954 0.03242
-11.49550 0.03272
-11.45145 0.03276
-11.40741 0.03269
-11.36336 0.03256
-11.31932 0.03242
-11.27528 0.03227
-11.23123 0.03214
-11.18719 0.03203
-11.14314 0.03197
-11.09910 0.03198
-11.05506 0.03209
-11.01101 0.03234
-10.96697 0.03271
-10.92292 0.03319
-10.87888 0.03368
-10.83483 0.03401
-10.79079 0.03399
-10.74675 0.03339
-10.70270 0.03207
-10.65866 0.03001
-10.61461 0.02731
-10.57057 0.02421
-10.52653 0.02096
-10.48248 0.01780
-10.43844 0.01489
-10.39439 0.01232
-10.35035 0.01009
-10.30631 0.00816
-10.26226 0.00648
-10.21822 0.00501
-10.17417 0.00373
-10.13013 0.00265
-10.08609 0.00176
-10.04204 0.00109
-9.99800 0.00061
-9.95395 0.00030
-9.90991 0.00012
-9.86587 0.00004
-9.82182 0.00000
-9.77778 -0.00001
-9.73373 -0.00001
-9.68969 -0.00000
-9.64565 -0.00000
-9.60160 -0.00000
-9.55756 0.00000
-9.51351 0.00000
-9.46947 0.00001
-9.42543 0.00004
-9.38138 0.00009
-9.33734 0.00022
-9.29329 0.00046
-9.24925 0.00089
-9.20521 0.00159
-9.16116 0.00263
-9.11712 0.00402
-9.07307 0.00571
-9.02903 0.00755
-8.98498 0.00935
-8.94094 0.01091
-8.89690 0.01208
-8.85285 0.01281
-8.80881 0.01311
-8.76476 0.01305
-8.72072 0.01270
-8.67668 0.01211
-8.63263 0.01133
-8.58859 0.01041
-8.54454 0.00939
-8.50050 0.00831
-8.45646 0.00716
-8.41241 0.00589
-8.36837 0.00443
-8.32432 0.00270
-8.28028 0.00064
-8.23624 -0.00171
-8.19219 -0.00419
-8.14815 -0.00655
-8.10410 -0.00854
-8.06006 -0.00997
-8.01602 -0.01085
-7.97197 -0.01138
-7.92793 -0.01186
-7.88388 -0.01258
-7.83984 -0.01366
-7.79580 -0.01497
-7.75175 -0.01622
-7.70771 -0.01712
-7.66366 -0.01750
-7.61962 -0.01744
-7.57558 -0.01721
-7.53153 -0.01715
-7.48749 -0.01749
-7.44344 -0.01822
-7.39940 -0.01911
-7.35536 -0.01985
-7.31131 -0.02019
-7.26727 -0.02010
-7.22322 -0.01979
-7.17918 -0.01963
-7.13514 -0.01991
-7.09109 -0.02069
-7.04705 -0.02180
-7.00300 -0.02291
-6.95896 -0.02371
-6.91491 -0.02406
-6.87087 -0.02409
-6.82683 -0.02404
-6.78278 -0.02415
-6.73874 -0.02449
-6.69469 -0.02496
-6.65065 -0.02532
-6.60661 -0.02532
-6.56256 -0.02485
-6.51852 -0.02384
-6.47447 -0.02229
-6.43043 -0.02019
-6.38639 -0.01758
-6.34234 -0.01457
-6.29830 -0.01139
-6.25425 -0.00833
-6.21021 -0.00568
-6.16617 -0.00358
-6.12212 -0.00209
-6.07808 -0.00112
-6.03403 -0.00056
-5.98999 -0.00025
-5.94595 -0.00011
-5.90190 -0.00004
-5.85786 -0.00001
-5.81381 -0.00000
-5.76977 -0.00000
-5.72573 -0.00000
-5.68168 -0.00000
-5.63764 -0.00000
-5.59359 -0.00000
-5.54955 -0.00000
-5.50551 -0.00000
-5.46146 -0.00000
-5.41742 -0.00000
-5.37337 -0.00000
-5.32933 0.00000
-5.28529 0.00000
-5.24124 0.00000
-5.19720 0.00000
-5.15315 0.00000
-5.10911 0.00000
-5.06507 0.00000
-5.02102 0.00000
-4.97698 0.00000
-4.93293 0.00000
-4.88889 0.00000
-4.84484 0.00002
-4.80080 0.00005
-4.75676 0.00012
-4.71271 0.00030
-4.66867 0.00067
-4.62462 0.00137
-4.58058 0.00260
-4.53654 0.00454
-4.49249 0.00732
-4.44845 0.01093
-4.40440 0.01521
-4.36036 0.01979
-4.31632 0.02425
-4.27227 0.02817
-4.22823 0.03128
-4.18418 0.03347
-4.14014 0.03480
-4.09610 0.03544
-4.05205 0.03562
-4.00801 0.03555
-3.96396 0.03536
-3.91992 0.03507
-3.87588 0.03466
-3.83183 0.03413
-3.78779 0.03356
-3.74374 0.03307
-3.69970 0.03276
-3.65566 0.03256
-3.61161 0.03232
-3.56757 0.03189
-3.52352 0.03120
-3.47948 0.03038
-3.43544 0.02961
-3.39139 0.02901
-3.34735 0.02860
-3.30330 0.02827
-3.25926 0.02793
-3.21522 0.02755
-3.17117 0.02719
-3.12713 0.02688
-3.08308 0.02658
-3.03904 0.02619
-2.99499 0.02568
-2.95095 0.02521
-2.90691 0.02513
-2.86286 0.02587
-2.81882 0.02771
-2.77477 0.03070
-2.73073 0.03459
-2.68669 0.03893
-2.64264 0.04325
-2.59860 0.04714
-2.55455 0.05025
-2.51051 0.05234
-2.46647 0.05324
-2.42242 0.05291
-2.37838 0.05142
-2.33433 0.04899
-2.29029 0.04594
-2.24625 0.04259
-2.20220 0.03920
-2.15816 0.03592
-2.11411 0.03282
-2.07007 0.02993
-2.02603 0.02724
-1.98198 0.02474
-1.93794 0.02236
-1.89389 0.01996
-1.84985 0.01729
-1.80581 0.01416
-1.76176 0.01053
-1.71772 0.00656
-1.67367 0.00263
-1.62963 -0.00093
-1.58559 -0.00395
-1.54154 -0.00661
-1.49750 -0.00929
-1.45345 -0.01238
-1.40941 -0.01610
-1.36537 -0.02031
-1.32132 -0.02462
-1.27728 -0.02859
-1.23323 -0.03195
-1.18919 -0.03469
-1.14515 -0.03704
-1.10110 -0.03930
-1.05706 -0.04165
-1.01301 -0.04412
-0.96897 -0.04665
-0.92492 -0.04924
-0.88088 -0.05205
-0.83684 -0.05528
-0.79279 -0.05897
-0.74875 -0.06289
-0.70470 -0.06662
-0.66066 -0.06986
-0.61662 -0.07274
-0.57257 -0.07596
-0.52853 -0.08055
-0.48448 -0.08746
-0.44044 -0.09697
-0.39640 -0.10841
-0.35235 -0.12008
-0.30831 -0.12954
-0.26426 -0.13428
-0.22022 -0.13245
-0.17618 -0.12360
-0.13213 -0.10887
-0.08809 -0.09070
-0.04404 -0.07199
0.00000 -0.05517
0.04404 -0.04166
0.08809 -0.03179
0.13213 -0.02514
0.17618 -0.02096
0.22022 -0.01857
0.26426 -0.01743
0.30831 -0.01721
0.35235 -0.01777
0.39640 -0.01907
0.44044 -0.02119
0.48448 -0.02410
0.52853 -0.02764
0.57257 -0.03141
0.61662 -0.03491
0.66066 -0.03776
0.70470 -0.03989
0.74875 -0.04158
0.79279 -0.04324
0.83684 -0.04513
0.88088 -0.04729
0.92492 -0.04963
0.96897 -0.05233
1.01301 -0.05598
1.05706 -0.06153
1.10110 -0.06980
1.14515 -0.08097
1.18919 -0.09433
1.23323 -0.10848
1.27728 -0.12194
1.32132 -0.13384
1.36537 -0.14418
1.40941 -0.15363
1.45345 -0.16283
1.49750 -0.17184
1.54154 -0.17997
1.58559 -0.18616
1.62963 -0.18960
1.67367 -0.19018
1.71772 -0.18860
1.76176 -0.18615
1.80581 -0.18418
1.84985 -0.18370
1.89389 -0.18484
1.93794 -0.18659
1.98198 -0.18698
2.02603 -0.18373
2.07007 -0.17526
2.11411 -0.16161
2.15816 -0.14479
2.20220 -0.12831
2.24625 -0.11614
2.29029 -0.11129
2.33433 -0.11479
2.37838 -0.12542
2.42242 -0.14034
2.46647 -0.15641
2.51051 -0.17132
2.55455 -0.18421
2.59860 -0.19531
2.64264 -0.20514
2.68669 -0.21366
2.73073 -0.22010
2.77477 -0.22337
2.81882 -0.22303
2.86286 -0.22005
2.90691 -0.21695
2.95095 -0.21706
2.99499 -0.22298
3.03904 -0.23523
3.08308 -0.25163
3.12713 -0.26795
3.17117 -0.27965
3.21522 -0.28380
3.25926 -0.28031
3.30330 -0.27184
3.34735 -0.26249
3.39139 -0.25595
3.43544 -0.25402
3.47948 -0.25615
3.52352 -0.26019
3.56757 -0.26364
3.61161 -0.26481
3.65566 -0.26327
3.69970 -0.25960
3.74374 -0.25490
3.78779 -0.25034
3.83183 -0.24697
3.87588 -0.24565
3.91992 -0.24694
3.96396 -0.25085
4.00801 -0.25681
4.05205 -0.26384
4.09610 -0.27103
4.14014 -0.27787
4.18418 -0.28420
4.22823 -0.28997
4.27227 -0.29526
4.31632 -0.30066
4.36036 -0.30781
4.40440 -0.31951
4.44845 -0.33883
4.49249 -0.36760
4.53654 -0.40486
4.58058 -0.44608
4.62462 -0.48378
4.66867 -0.50948
4.71271 -0.51653
4.75676 -0.50250
4.80080 -0.47012
4.84484 -0.42605
4.88889 -0.37800
4.93293 -0.33163
4.97698 -0.28896
5.02102 -0.24889
5.06507 -0.20926
5.10911 -0.16903
5.15315 -0.12923
5.19720 -0.09243
5.24124 -0.06132
5.28529 -0.03752
5.32933 -0.02109
5.37337 -0.01087
5.41742 -0.00512
5.46146 -0.00221
5.50551 -0.00087
5.54955 -0.00031
5.59359 -0.00010
5.63764 -0.00003
5.68168 -0.00001
5.72573 -0.00000
5.76977 -0.00000
5.81381 -0.00000
5.85786 -0.00000
5.90190 -0.00000
5.94595 -0.00000
5.98999 -0.00000
6.03403 -0.00000
6.07808 -0.00000
6.12212 -0.00000
6.16617 -0.00000
6.21021 -0.00000
6.25425 0.00000
6.29830 0.00000
6.34234 0.00000
6.38639 0.00000
6.43043 0.00000
6.47447 0.00000
6.51852 0.00000
6.56256 0.00000
6.60661 0.00000
6.65065 0.00000
6.69469 0.00000
6.73874 0.00000
6.78278 0.00000
6.82683 0.00000
6.87087 0.00000
6.91491 0.00000
6.95896 0.00000
7.00300 0.00000
